         sim	       state	        soln	      dist_x	        time	        step	          pH	          pe	    reaction	          Cl	          Na	           S	           K	          Ca	          Mg	     Calcite	   d_Calcite	      Halite	    d_Halite	      Gypsum	    d_Gypsum	
          10	       react	           1	         -99	           0	           1	     11.2755	     6.95725	 -2.1738e-01	  5.0380e+00	  5.0940e+00	  1.1455e-01	  6.9758e-04	  9.4034e-02	  0.0000e+00	  1.7798e-02	  4.4490e-03	  0.0000e+00	 -2.1574e-02	  8.2773e-02	  1.0343e-02	
          10	       react	           1	         -99	           0	           2	     11.2774	     6.95515	 -2.1738e-01	  5.0580e+00	  5.1142e+00	  1.1470e-01	  7.0035e-04	  9.4105e-02	  0.0000e+00	  1.7798e-02	  1.8465e-08	  0.0000e+00	  0.0000e+00	  8.3072e-02	  2.9893e-04	
          10	       react	           1	         -99	           0	           3	     11.2793	     6.95304	 -2.1738e-01	  5.0781e+00	  5.1345e+00	  1.1485e-01	  7.0313e-04	  9.4176e-02	  0.0000e+00	  1.7798e-02	  1.8410e-08	  0.0000e+00	  0.0000e+00	  8.3371e-02	  2.9957e-04	
          10	       react	           1	         -99	           0	           4	     11.2811	     6.95092	 -2.1738e-01	  5.0984e+00	  5.1550e+00	  1.1501e-01	  7.0594e-04	  9.4246e-02	  0.0000e+00	  1.7798e-02	  1.8354e-08	  0.0000e+00	  0.0000e+00	  8.3671e-02	  3.0022e-04	
          10	       react	           1	         -99	           0	           5	      11.283	     6.94879	 -2.1738e-01	  5.1188e+00	  5.1757e+00	  1.1516e-01	  7.0877e-04	  9.4317e-02	  0.0000e+00	  1.7798e-02	  1.8297e-08	  0.0000e+00	  0.0000e+00	  8.3972e-02	  3.0086e-04	
          10	       react	           1	         -99	           0	           6	     11.2849	     6.94665	 -2.1738e-01	  5.1394e+00	  5.1965e+00	  1.1531e-01	  7.1162e-04	  9.4388e-02	  0.0000e+00	  1.7798e-02	  1.8241e-08	  0.0000e+00	  0.0000e+00	  8.4274e-02	  3.0151e-04	
          10	       react	           1	         -99	           0	           7	     11.2877	     6.94359	 -3.0959e-01	  5.1690e+00	  5.2264e+00	  1.1554e-01	  7.1572e-04	  9.4488e-02	  0.0000e+00	  1.7798e-02	  2.5880e-08	  0.0000e+00	  0.0000e+00	  8.4704e-02	  4.3054e-04	
          10	       react	           1	         -99	           0	           8	     11.2904	      6.9405	 -3.0959e-01	  5.1990e+00	  5.2567e+00	  1.1576e-01	  7.1987e-04	  9.4588e-02	  0.0000e+00	  1.7798e-02	  2.5764e-08	  0.0000e+00	  0.0000e+00	  8.5136e-02	  4.3188e-04	
          10	       react	           1	         -99	           0	           9	     11.2932	     6.93738	 -3.0959e-01	  5.2293e+00	  5.2874e+00	  1.1598e-01	  7.2406e-04	  9.4688e-02	  0.0000e+00	  1.7798e-02	  2.5646e-08	  0.0000e+00	  0.0000e+00	  8.5569e-02	  4.3322e-04	
          10	       react	           1	         -99	           0	          10	      11.296	     6.93425	 -3.0959e-01	  5.2600e+00	  5.3184e+00	  1.1621e-01	  7.2831e-04	  9.4788e-02	  0.0000e+00	  1.7798e-02	  2.5527e-08	  0.0000e+00	  0.0000e+00	  8.6004e-02	  4.3457e-04	
          10	       react	           1	         -99	           0	          11	     11.2988	     6.93109	 -3.0959e-01	  5.2910e+00	  5.3498e+00	  1.1643e-01	  7.3261e-04	  9.4887e-02	  0.0000e+00	  1.7798e-02	  2.5408e-08	  0.0000e+00	  0.0000e+00	  8.6440e-02	  4.3594e-04	
          10	       react	           1	         -99	           0	          12	     11.3016	     6.92791	 -3.0959e-01	  5.3224e+00	  5.3815e+00	  1.1666e-01	  7.3695e-04	  9.4986e-02	  0.0000e+00	  1.7798e-02	  2.5287e-08	  0.0000e+00	  0.0000e+00	  8.6877e-02	  4.3731e-04	
          10	       react	           1	         -99	           0	          13	     11.3045	      6.9247	 -3.0959e-01	  5.3542e+00	  5.4136e+00	  1.1689e-01	  7.4135e-04	  9.5085e-02	  0.0000e+00	  1.7798e-02	  2.5165e-08	  0.0000e+00	  0.0000e+00	  8.7316e-02	  4.3869e-04	
          10	       react	           1	         -99	           0	          14	     11.3074	     6.92147	 -3.0959e-01	  5.3863e+00	  5.4462e+00	  1.1712e-01	  7.4581e-04	  9.5183e-02	  0.0000e+00	  1.7798e-02	  2.5042e-08	  0.0000e+00	  0.0000e+00	  8.7756e-02	  4.4008e-04	
          10	       react	           1	         -99	           0	          15	     11.3103	     6.91822	 -3.0959e-01	  5.4189e+00	  5.4791e+00	  1.1735e-01	  7.5031e-04	  9.5282e-02	  0.0000e+00	  1.7799e-02	  2.4918e-08	  0.0000e+00	  0.0000e+00	  8.8197e-02	  4.4149e-04	
          10	       react	           1	         -99	           0	          16	     11.3132	     6.91494	 -3.0959e-01	  5.4518e+00	  5.5124e+00	  1.1758e-01	  7.5487e-04	  9.5379e-02	  0.0000e+00	  1.7799e-02	  2.4793e-08	  0.0000e+00	  0.0000e+00	  8.8640e-02	  4.4290e-04	
          10	       react	           1	         -99	           0	          17	     11.3162	     6.91163	 -3.0959e-01	  5.4851e+00	  5.5461e+00	  1.1781e-01	  7.5949e-04	  9.5477e-02	  0.0000e+00	  1.7799e-02	  2.4667e-08	  0.0000e+00	  0.0000e+00	  8.9085e-02	  4.4433e-04	
          10	       react	           1	         -99	           0	          18	     11.3191	      6.9083	 -3.0959e-01	  5.5189e+00	  5.5802e+00	  1.1805e-01	  7.6417e-04	  9.5574e-02	  0.0000e+00	  1.7799e-02	  2.4539e-08	  0.0000e+00	  0.0000e+00	  8.9530e-02	  4.4576e-04	
          10	       react	           1	         -99	           0	          19	     11.3221	     6.90494	 -3.0959e-01	  5.5531e+00	  5.6148e+00	  1.1828e-01	  7.6890e-04	  9.5671e-02	  0.0000e+00	  1.7799e-02	  2.4411e-08	  0.0000e+00	  0.0000e+00	  8.9978e-02	  4.4720e-04	
          10	       react	           1	         -99	           0	          20	     11.3251	     6.90156	 -3.0959e-01	  5.5877e+00	  5.6498e+00	  1.1852e-01	  7.7369e-04	  9.5767e-02	  0.0000e+00	  1.7799e-02	  2.4281e-08	  0.0000e+00	  0.0000e+00	  9.0426e-02	  4.4866e-04	
          10	       react	           1	         -99	           0	          21	     11.3282	     6.89815	 -3.0959e-01	  5.6227e+00	  5.6852e+00	  1.1876e-01	  7.7854e-04	  9.5863e-02	  0.0000e+00	  1.7799e-02	  2.4150e-08	  0.0000e+00	  0.0000e+00	  9.0876e-02	  4.5013e-04	
          10	       react	           1	         -99	           0	          22	     11.3312	     6.89471	 -3.0959e-01	  5.6582e+00	  5.7211e+00	  1.1900e-01	  7.8345e-04	  9.5959e-02	  0.0000e+00	  1.7799e-02	  2.4018e-08	  0.0000e+00	  0.0000e+00	  9.1328e-02	  4.5160e-04	
          10	       react	           1	         -99	           0	          23	     11.3343	     6.89124	 -3.0959e-01	  5.6941e+00	  5.7574e+00	  1.1924e-01	  7.8843e-04	  9.6054e-02	  0.0000e+00	  1.7799e-02	  2.3885e-08	  0.0000e+00	  0.0000e+00	  9.1781e-02	  4.5309e-04	
          10	       react	           1	         -99	           0	          24	     11.3375	     6.88775	 -3.0959e-01	  5.7305e+00	  5.7942e+00	  1.1948e-01	  7.9346e-04	  9.6148e-02	  0.0000e+00	  1.7799e-02	  2.3751e-08	  0.0000e+00	  0.0000e+00	  9.2236e-02	  4.5459e-04	
          10	       react	           1	         -99	           0	          25	     11.3406	     6.88422	 -3.0959e-01	  5.7674e+00	  5.8314e+00	  1.1973e-01	  7.9857e-04	  9.6242e-02	  0.0000e+00	  1.7799e-02	  2.3616e-08	  0.0000e+00	  0.0000e+00	  9.2692e-02	  4.5610e-04	
          10	       react	           1	         -99	           0	          26	     11.3438	     6.88067	 -3.0959e-01	  5.8047e+00	  5.8692e+00	  1.1997e-01	  8.0374e-04	  9.6335e-02	  0.0000e+00	  1.7799e-02	  2.3479e-08	  0.0000e+00	  0.0000e+00	  9.3149e-02	  4.5762e-04	
          10	       react	           1	         -99	           0	          27	      11.347	     6.87709	 -3.0959e-01	  5.8425e+00	  5.9074e+00	  1.2022e-01	  8.0897e-04	  9.6428e-02	  0.0000e+00	  1.7799e-02	  2.3341e-08	  0.0000e+00	  0.0000e+00	  9.3609e-02	  4.5915e-04	
          10	       react	           1	         -99	           0	          28	     11.3502	     6.87348	 -3.0959e-01	  5.8808e+00	  5.9462e+00	  1.2047e-01	  8.1428e-04	  9.6521e-02	  0.0000e+00	  1.7799e-02	  2.3202e-08	  0.0000e+00	  0.0000e+00	  9.4069e-02	  4.6070e-04	
          10	       react	           1	         -99	           0	          29	     11.3535	     6.86983	 -3.0959e-01	  5.9197e+00	  5.9854e+00	  1.2072e-01	  8.1965e-04	  9.6612e-02	  0.0000e+00	  1.7799e-02	  2.3061e-08	  0.0000e+00	  0.0000e+00	  9.4532e-02	  4.6225e-04	
          10	       react	           1	         -99	           0	          30	     11.3567	     6.86616	 -3.0959e-01	  5.9590e+00	  6.0252e+00	  1.2097e-01	  8.2510e-04	  9.6703e-02	  0.0000e+00	  1.7799e-02	  2.2920e-08	  0.0000e+00	  0.0000e+00	  9.4995e-02	  4.6382e-04	
          10	       react	           1	         -99	           0	          31	       11.36	     6.86245	 -3.0959e-01	  5.9989e+00	  6.0655e+00	  1.2122e-01	  8.3062e-04	  9.6794e-02	  0.0000e+00	  1.7799e-02	  2.2777e-08	  0.0000e+00	  0.0000e+00	  9.5461e-02	  4.6539e-04	
          10	       react	           1	         -99	           0	          32	     11.3634	     6.85872	 -3.0959e-01	  6.0393e+00	  6.1064e+00	  1.2148e-01	  8.3622e-04	  9.6883e-02	  0.0000e+00	  1.7799e-02	  2.2633e-08	  0.0000e+00	  0.0000e+00	  9.5928e-02	  4.6698e-04	
          10	       react	           1	         -99	           0	          33	     11.3665	     6.85528	 -3.0959e-01	  6.0512e+00	  6.1187e+00	  1.2162e-01	  8.4189e-04	  9.6861e-02	  0.0000e+00	  1.7799e-02	  1.2839e-08	  2.3973e-02	  2.3973e-02	  9.6488e-02	  5.6055e-04	
          10	       react	           1	         -99	           0	          34	     11.3695	     6.85196	 -3.0959e-01	  6.0510e+00	  6.1190e+00	  1.2172e-01	  8.4764e-04	  9.6792e-02	  0.0000e+00	  1.7799e-02	  8.7709e-09	  5.7999e-02	  3.4026e-02	  9.7088e-02	  5.9930e-04	
          10	       react	           1	         -99	           0	          35	     11.3725	     6.84861	 -3.0959e-01	  6.0508e+00	  6.1193e+00	  1.2182e-01	  8.5347e-04	  9.6721e-02	  0.0000e+00	  1.7799e-02	  8.7702e-09	  9.2025e-02	  3.4026e-02	  9.7687e-02	  5.9925e-04	
          10	       react	           1	         -99	           0	          36	     11.3756	     6.84524	 -3.0959e-01	  6.0506e+00	  6.1196e+00	  1.2192e-01	  8.5939e-04	  9.6650e-02	  0.0000e+00	  1.7799e-02	  8.7695e-09	  1.2605e-01	  3.4026e-02	  9.8286e-02	  5.9920e-04	
          10	       react	           1	         -99	           0	          37	     11.3787	     6.84185	 -3.0959e-01	  6.0505e+00	  6.1199e+00	  1.2203e-01	  8.6538e-04	  9.6578e-02	  0.0000e+00	  1.7799e-02	  8.7689e-09	  1.6008e-01	  3.4026e-02	  9.8885e-02	  5.9914e-04	
          10	       react	           1	         -99	           0	          38	     11.3822	     6.83798	 -3.5000e-01	  6.0503e+00	  6.1202e+00	  1.2215e-01	  8.7226e-04	  9.6495e-02	  0.0000e+00	  1.7799e-02	  9.9125e-09	  1.9854e-01	  3.8467e-02	  9.9562e-02	  6.7727e-04	
          10	       react	           1	         -99	           0	          39	     11.3857	     6.83408	 -3.5000e-01	  6.0500e+00	  6.1206e+00	  1.2227e-01	  8.7925e-04	  9.6411e-02	  0.0000e+00	  1.7799e-02	  9.9116e-09	  2.3701e-01	  3.8467e-02	  1.0024e-01	  6.7720e-04	
          10	       react	           1	         -99	           0	          40	     11.3893	     6.83016	 -3.5000e-01	  6.0498e+00	  6.1209e+00	  1.2239e-01	  8.8635e-04	  9.6326e-02	  0.0000e+00	  1.7799e-02	  9.9107e-09	  2.7548e-01	  3.8467e-02	  1.0092e-01	  6.7712e-04	
          10	       react	           1	         -99	           0	          41	     11.3929	     6.82619	 -3.5000e-01	  6.0496e+00	  6.1213e+00	  1.2252e-01	  8.9357e-04	  9.6239e-02	  0.0000e+00	  1.7799e-02	  9.9099e-09	  3.1394e-01	  3.8467e-02	  1.0159e-01	  6.7704e-04	
          10	       react	           1	         -99	           0	          42	     11.3965	      6.8222	 -3.5000e-01	  6.0494e+00	  6.1217e+00	  1.2265e-01	  9.0091e-04	  9.6151e-02	  0.0000e+00	  1.7799e-02	  9.9090e-09	  3.5241e-01	  3.8467e-02	  1.0227e-01	  6.7696e-04	
          10	       react	           1	         -99	           0	          43	     11.4002	     6.81817	 -3.5000e-01	  6.0492e+00	  6.1220e+00	  1.2278e-01	  9.0836e-04	  9.6062e-02	  0.0000e+00	  1.7799e-02	  9.9081e-09	  3.9088e-01	  3.8467e-02	  1.0295e-01	  6.7688e-04	
          10	       react	           1	         -99	           0	          44	     11.4039	     6.81411	 -3.5000e-01	  6.0489e+00	  6.1224e+00	  1.2291e-01	  9.1595e-04	  9.5971e-02	  0.0000e+00	  1.7799e-02	  9.9072e-09	  4.2935e-01	  3.8467e-02	  1.0362e-01	  6.7680e-04	
          10	       react	           1	         -99	           0	          45	     11.4076	     6.81001	 -3.5000e-01	  6.0487e+00	  6.1228e+00	  1.2304e-01	  9.2366e-04	  9.5879e-02	  0.0000e+00	  1.7799e-02	  9.9063e-09	  4.6781e-01	  3.8467e-02	  1.0430e-01	  6.7671e-04	
          10	       react	           1	         -99	           0	          46	     11.4113	     6.80588	 -3.5000e-01	  6.0484e+00	  6.1232e+00	  1.2318e-01	  9.3150e-04	  9.5786e-02	  0.0000e+00	  1.7799e-02	  9.9054e-09	  5.0628e-01	  3.8467e-02	  1.0498e-01	  6.7663e-04	
          10	       react	           1	         -99	           0	          47	     11.4151	     6.80171	 -3.5000e-01	  6.0482e+00	  6.1236e+00	  1.2332e-01	  9.3947e-04	  9.5691e-02	  0.0000e+00	  1.7799e-02	  9.9045e-09	  5.4475e-01	  3.8467e-02	  1.0565e-01	  6.7654e-04	
          10	       react	           1	         -99	           0	          48	     11.4189	     6.79751	 -3.5000e-01	  6.0479e+00	  6.1240e+00	  1.2346e-01	  9.4759e-04	  9.5594e-02	  0.0000e+00	  1.7799e-02	  9.9036e-09	  5.8321e-01	  3.8467e-02	  1.0633e-01	  6.7644e-04	
          10	       react	           1	         -99	           0	          49	     11.4228	     6.79327	 -3.5000e-01	  6.0477e+00	  6.1244e+00	  1.2361e-01	  9.5584e-04	  9.5496e-02	  0.0000e+00	  1.7799e-02	  9.9027e-09	  6.2168e-01	  3.8467e-02	  1.0701e-01	  6.7635e-04	
          10	       react	           1	         -99	           0	          50	     11.4267	     6.78899	 -3.5000e-01	  6.0474e+00	  6.1248e+00	  1.2375e-01	  9.6424e-04	  9.5397e-02	  0.0000e+00	  1.7799e-02	  9.9018e-09	  6.6015e-01	  3.8467e-02	  1.0768e-01	  6.7625e-04	
          10	       react	           1	         -99	           0	          51	     11.4306	     6.78467	 -3.5000e-01	  6.0472e+00	  6.1252e+00	  1.2390e-01	  9.7279e-04	  9.5295e-02	  0.0000e+00	  1.7799e-02	  9.9009e-09	  6.9861e-01	  3.8467e-02	  1.0836e-01	  6.7615e-04	
          10	       react	           1	         -99	           0	          52	     11.4345	     6.78031	 -3.5000e-01	  6.0469e+00	  6.1257e+00	  1.2406e-01	  9.8149e-04	  9.5192e-02	  0.0000e+00	  1.7799e-02	  9.9000e-09	  7.3708e-01	  3.8467e-02	  1.0904e-01	  6.7605e-04	
          10	       react	           1	         -99	           0	          53	     11.4385	     6.77592	 -3.5000e-01	  6.0466e+00	  6.1261e+00	  1.2421e-01	  9.9035e-04	  9.5088e-02	  0.0000e+00	  1.7799e-02	  9.8990e-09	  7.7555e-01	  3.8467e-02	  1.0971e-01	  6.7595e-04	
          10	       react	           1	         -99	           0	          54	     11.4426	     6.77148	 -3.5000e-01	  6.0464e+00	  6.1265e+00	  1.2437e-01	  9.9937e-04	  9.4981e-02	  0.0000e+00	  1.7799e-02	  9.8981e-09	  8.1402e-01	  3.8467e-02	  1.1039e-01	  6.7584e-04	
          10	       react	           1	         -99	           0	          55	     11.4466	       6.767	 -3.5000e-01	  6.0461e+00	  6.1270e+00	  1.2453e-01	  1.0086e-03	  9.4873e-02	  0.0000e+00	  1.7799e-02	  9.8972e-09	  8.5248e-01	  3.8467e-02	  1.1106e-01	  6.7573e-04	
          10	       react	           1	         -99	           0	          56	     11.4507	     6.76248	 -3.5000e-01	  6.0458e+00	  6.1275e+00	  1.2470e-01	  1.0179e-03	  9.4763e-02	  0.0000e+00	  1.7799e-02	  9.8962e-09	  8.9095e-01	  3.8467e-02	  1.1174e-01	  6.7562e-04	
          10	       react	           1	         -99	           0	          57	     11.4549	     6.75791	 -3.5000e-01	  6.0455e+00	  6.1279e+00	  1.2487e-01	  1.0274e-03	  9.4651e-02	  0.0000e+00	  1.7799e-02	  9.8953e-09	  9.2942e-01	  3.8467e-02	  1.1241e-01	  6.7550e-04	
          10	       react	           1	         -99	           0	          58	     11.4591	      6.7533	 -3.5000e-01	  6.0452e+00	  6.1284e+00	  1.2504e-01	  1.0371e-03	  9.4537e-02	  0.0000e+00	  1.7799e-02	  9.8944e-09	  9.6789e-01	  3.8467e-02	  1.1309e-01	  6.7538e-04	
          10	       react	           1	         -99	           0	          59	     11.4633	     6.74865	 -3.5000e-01	  6.0449e+00	  6.1289e+00	  1.2521e-01	  1.0470e-03	  9.4421e-02	  0.0000e+00	  1.7799e-02	  9.8934e-09	  1.0064e+00	  3.8467e-02	  1.1376e-01	  6.7526e-04	
          10	       react	           1	         -99	           0	          60	     11.4675	     6.74395	 -3.5000e-01	  6.0446e+00	  6.1294e+00	  1.2539e-01	  1.0571e-03	  9.4303e-02	  0.0000e+00	  1.7799e-02	  9.8924e-09	  1.0448e+00	  3.8467e-02	  1.1444e-01	  6.7514e-04	
          10	       react	           1	         -99	           0	          61	     11.4719	     6.73921	 -3.5000e-01	  6.0443e+00	  6.1299e+00	  1.2558e-01	  1.0674e-03	  9.4183e-02	  0.0000e+00	  1.7799e-02	  9.8915e-09	  1.0833e+00	  3.8467e-02	  1.1512e-01	  6.7501e-04	
          10	       react	           1	         -99	           0	          62	     11.4762	     6.73441	 -3.5000e-01	  6.0440e+00	  6.1304e+00	  1.2576e-01	  1.0779e-03	  9.4061e-02	  0.0000e+00	  1.7799e-02	  9.8905e-09	  1.1218e+00	  3.8468e-02	  1.1579e-01	  6.7487e-04	
          10	       react	           1	         -99	           0	          63	     11.4806	     6.72957	 -3.5000e-01	  6.0436e+00	  6.1310e+00	  1.2595e-01	  1.0886e-03	  9.3937e-02	  0.0000e+00	  1.7799e-02	  9.8896e-09	  1.1602e+00	  3.8468e-02	  1.1646e-01	  6.7474e-04	
          10	       react	           1	         -99	           0	          64	      11.485	     6.72468	 -3.5000e-01	  6.0433e+00	  6.1315e+00	  1.2615e-01	  1.0995e-03	  9.3810e-02	  0.0000e+00	  1.7799e-02	  9.8886e-09	  1.1987e+00	  3.8468e-02	  1.1714e-01	  6.7459e-04	
          10	       react	           1	         -99	           0	          65	     11.4895	     6.71974	 -3.5000e-01	  6.0429e+00	  6.1321e+00	  1.2634e-01	  1.1106e-03	  9.3681e-02	  0.0000e+00	  1.7799e-02	  9.8876e-09	  1.2372e+00	  3.8468e-02	  1.1781e-01	  6.7445e-04	
          10	       react	           1	         -99	           0	          66	      11.494	     6.71475	 -3.5000e-01	  6.0426e+00	  6.1326e+00	  1.2655e-01	  1.1220e-03	  9.3550e-02	  0.0000e+00	  1.7799e-02	  9.8866e-09	  1.2756e+00	  3.8468e-02	  1.1849e-01	  6.7430e-04	
          10	       react	           1	         -99	           0	          67	     11.4986	      6.7097	 -3.5000e-01	  6.0422e+00	  6.1332e+00	  1.2675e-01	  1.1336e-03	  9.3416e-02	  0.0000e+00	  1.7799e-02	  9.8856e-09	  1.3141e+00	  3.8468e-02	  1.1916e-01	  6.7415e-04	
          10	       react	           1	         -99	           0	          68	     11.5033	     6.70461	 -3.5000e-01	  6.0419e+00	  6.1338e+00	  1.2697e-01	  1.1454e-03	  9.3280e-02	  0.0000e+00	  1.7799e-02	  9.8846e-09	  1.3526e+00	  3.8468e-02	  1.1984e-01	  6.7399e-04	
          10	       react	           1	         -99	           0	          69	     11.5079	     6.69945	 -3.5000e-01	  6.0415e+00	  6.1344e+00	  1.2718e-01	  1.1575e-03	  9.3141e-02	  0.0000e+00	  1.7799e-02	  9.8836e-09	  1.3910e+00	  3.8468e-02	  1.2051e-01	  6.7382e-04	
          10	       react	           1	         -99	           0	          70	     11.5127	     6.69424	 -3.5000e-01	  6.0411e+00	  6.1350e+00	  1.2740e-01	  1.1698e-03	  9.2999e-02	  0.0000e+00	  1.7799e-02	  9.8826e-09	  1.4295e+00	  3.8468e-02	  1.2118e-01	  6.7366e-04	
          10	       react	           1	         -99	           0	          71	     11.5174	     6.68898	 -3.5000e-01	  6.0407e+00	  6.1356e+00	  1.2763e-01	  1.1824e-03	  9.2855e-02	  0.0000e+00	  1.7799e-02	  9.8815e-09	  1.4680e+00	  3.8468e-02	  1.2186e-01	  6.7348e-04	
          10	       react	           1	         -99	           0	          72	     11.5223	     6.68365	 -3.5000e-01	  6.0403e+00	  6.1362e+00	  1.2786e-01	  1.1953e-03	  9.2708e-02	  0.0000e+00	  1.7799e-02	  9.8805e-09	  1.5064e+00	  3.8468e-02	  1.2253e-01	  6.7330e-04	
          10	       react	           1	         -99	           0	          73	     11.5271	     6.67827	 -3.5000e-01	  6.0399e+00	  6.1369e+00	  1.2810e-01	  1.2085e-03	  9.2558e-02	  0.0000e+00	  1.7799e-02	  9.8795e-09	  1.5449e+00	  3.8468e-02	  1.2320e-01	  6.7312e-04	
          10	       react	           1	         -99	           0	          74	     11.5321	     6.67283	 -3.5000e-01	  6.0395e+00	  6.1376e+00	  1.2834e-01	  1.2219e-03	  9.2404e-02	  0.0000e+00	  1.7799e-02	  9.8784e-09	  1.5834e+00	  3.8468e-02	  1.2388e-01	  6.7293e-04	
          10	       react	           1	         -99	           0	          75	     11.5371	     6.66732	 -3.5000e-01	  6.0391e+00	  6.1382e+00	  1.2859e-01	  1.2357e-03	  9.2248e-02	  0.0000e+00	  1.7799e-02	  9.8773e-09	  1.6218e+00	  3.8468e-02	  1.2455e-01	  6.7273e-04	
          10	       react	           1	         -99	           0	          76	     11.5421	     6.66175	 -3.5000e-01	  6.0386e+00	  6.1389e+00	  1.2884e-01	  1.2498e-03	  9.2089e-02	  0.0000e+00	  1.7799e-02	  9.8763e-09	  1.6603e+00	  3.8468e-02	  1.2522e-01	  6.7253e-04	
          10	       react	           1	         -99	           0	          77	     11.5473	     6.65611	 -3.5000e-01	  6.0382e+00	  6.1396e+00	  1.2910e-01	  1.2642e-03	  9.1926e-02	  0.0000e+00	  1.7799e-02	  9.8752e-09	  1.6988e+00	  3.8468e-02	  1.2589e-01	  6.7232e-04	
          10	       react	           1	         -99	           0	          78	     11.5524	     6.65041	 -3.5000e-01	  6.0377e+00	  6.1404e+00	  1.2937e-01	  1.2789e-03	  9.1760e-02	  0.0000e+00	  1.7799e-02	  9.8741e-09	  1.7372e+00	  3.8468e-02	  1.2657e-01	  6.7210e-04	
          10	       react	           1	         -99	           0	          79	     11.5577	     6.64464	 -3.5000e-01	  6.0373e+00	  6.1411e+00	  1.2965e-01	  1.2940e-03	  9.1590e-02	  0.0000e+00	  1.7799e-02	  9.8730e-09	  1.7757e+00	  3.8468e-02	  1.2724e-01	  6.7187e-04	
          10	       react	           1	         -99	           0	          80	      11.563	     6.63879	 -3.5000e-01	  6.0368e+00	  6.1419e+00	  1.2993e-01	  1.3094e-03	  9.1417e-02	  0.0000e+00	  1.7799e-02	  9.8719e-09	  1.8142e+00	  3.8469e-02	  1.2791e-01	  6.7164e-04	
          10	       react	           1	         -99	           0	          81	     11.5683	     6.63288	 -3.5000e-01	  6.0363e+00	  6.1426e+00	  1.3021e-01	  1.3252e-03	  9.1240e-02	  0.0000e+00	  1.7799e-02	  9.8707e-09	  1.8526e+00	  3.8469e-02	  1.2858e-01	  6.7140e-04	
          10	       react	           1	         -99	           0	          82	     11.5738	     6.62689	 -3.5000e-01	  6.0358e+00	  6.1434e+00	  1.3051e-01	  1.3414e-03	  9.1059e-02	  0.0000e+00	  1.7799e-02	  9.8696e-09	  1.8911e+00	  3.8469e-02	  1.2925e-01	  6.7115e-04	
          10	       react	           1	         -99	           0	          83	     11.5793	     6.62083	 -3.5000e-01	  6.0353e+00	  6.1443e+00	  1.3081e-01	  1.3580e-03	  9.0874e-02	  0.0000e+00	  1.7799e-02	  9.8684e-09	  1.9296e+00	  3.8469e-02	  1.2992e-01	  6.7089e-04	
          10	       react	           1	         -99	           0	          84	     11.5848	     6.61469	 -3.5000e-01	  6.0348e+00	  6.1451e+00	  1.3112e-01	  1.3751e-03	  9.0685e-02	  0.0000e+00	  1.7799e-02	  9.8673e-09	  1.9681e+00	  3.8469e-02	  1.3059e-01	  6.7063e-04	
          10	       react	           1	         -99	           0	          85	     11.5905	     6.60847	 -3.5000e-01	  6.0342e+00	  6.1460e+00	  1.3144e-01	  1.3925e-03	  9.0492e-02	  0.0000e+00	  1.7799e-02	  9.8661e-09	  2.0065e+00	  3.8469e-02	  1.3126e-01	  6.7035e-04	
          10	       react	           1	         -99	           0	          86	     11.5962	     6.60217	 -3.5000e-01	  6.0337e+00	  6.1468e+00	  1.3177e-01	  1.4104e-03	  9.0295e-02	  0.0000e+00	  1.7799e-02	  9.8649e-09	  2.0450e+00	  3.8469e-02	  1.3193e-01	  6.7006e-04	
          10	       react	           1	         -99	           0	          87	      11.602	     6.59578	 -3.5000e-01	  6.0331e+00	  6.1477e+00	  1.3211e-01	  1.4288e-03	  9.0093e-02	  0.0000e+00	  1.7799e-02	  9.8637e-09	  2.0835e+00	  3.8469e-02	  1.3260e-01	  6.6976e-04	
          10	       react	           1	         -99	           0	          88	     11.6079	     6.58931	 -3.5000e-01	  6.0325e+00	  6.1487e+00	  1.3246e-01	  1.4476e-03	  8.9886e-02	  0.0000e+00	  1.7799e-02	  9.8624e-09	  2.1219e+00	  3.8469e-02	  1.3327e-01	  6.6946e-04	
          10	       react	           1	         -99	           0	          89	     11.6138	     6.58276	 -3.5000e-01	  6.0319e+00	  6.1496e+00	  1.3282e-01	  1.4670e-03	  8.9674e-02	  0.0000e+00	  1.7799e-02	  9.8612e-09	  2.1604e+00	  3.8469e-02	  1.3394e-01	  6.6913e-04	
          10	       react	           1	         -99	           0	          90	     11.6198	     6.57611	 -3.5000e-01	  6.0313e+00	  6.1506e+00	  1.3318e-01	  1.4868e-03	  8.9458e-02	  0.0000e+00	  1.7799e-02	  9.8599e-09	  2.1989e+00	  3.8469e-02	  1.3461e-01	  6.6880e-04	
          10	       react	           1	         -99	           0	          91	      11.626	     6.56936	 -3.5000e-01	  6.0307e+00	  6.1516e+00	  1.3356e-01	  1.5073e-03	  8.9236e-02	  0.0000e+00	  1.7800e-02	  9.8586e-09	  2.2373e+00	  3.8469e-02	  1.3528e-01	  6.6846e-04	
          10	       react	           1	         -99	           0	          92	     11.6322	     6.56253	 -3.5000e-01	  6.0300e+00	  6.1526e+00	  1.3395e-01	  1.5283e-03	  8.9009e-02	  0.0000e+00	  1.7800e-02	  9.8573e-09	  2.2758e+00	  3.8470e-02	  1.3595e-01	  6.6810e-04	
          10	       react	           1	         -99	           0	          93	     11.6384	     6.55559	 -3.5000e-01	  6.0293e+00	  6.1537e+00	  1.3436e-01	  1.5498e-03	  8.8776e-02	  0.0000e+00	  1.7800e-02	  9.8560e-09	  2.3143e+00	  3.8470e-02	  1.3662e-01	  6.6772e-04	
          10	       react	           1	         -99	           0	          94	     11.6448	     6.54855	 -3.5000e-01	  6.0286e+00	  6.1548e+00	  1.3477e-01	  1.5720e-03	  8.8537e-02	  0.0000e+00	  1.7800e-02	  9.8547e-09	  2.3527e+00	  3.8470e-02	  1.3728e-01	  6.6733e-04	
          10	       react	           1	         -99	           0	          95	     11.6513	     6.54141	 -3.5000e-01	  6.0279e+00	  6.1559e+00	  1.3520e-01	  1.5949e-03	  8.8293e-02	  0.0000e+00	  1.7800e-02	  9.8533e-09	  2.3912e+00	  3.8470e-02	  1.3795e-01	  6.6693e-04	
          10	       react	           1	         -99	           0	          96	     11.6579	     6.53416	 -3.5000e-01	  6.0272e+00	  6.1570e+00	  1.3564e-01	  1.6184e-03	  8.8042e-02	  0.0000e+00	  1.7800e-02	  9.8519e-09	  2.4297e+00	  3.8470e-02	  1.3862e-01	  6.6651e-04	
          10	       react	           1	         -99	           0	          97	     11.6646	      6.5268	 -3.5000e-01	  6.0264e+00	  6.1582e+00	  1.3609e-01	  1.6426e-03	  8.7784e-02	  0.0000e+00	  1.7800e-02	  9.8505e-09	  2.4682e+00	  3.8470e-02	  1.3928e-01	  6.6607e-04	
          10	       react	           1	         -99	           0	          98	     11.6713	     6.51933	 -3.5000e-01	  6.0256e+00	  6.1594e+00	  1.3656e-01	  1.6676e-03	  8.7520e-02	  0.0000e+00	  1.7800e-02	  9.8490e-09	  2.5066e+00	  3.8470e-02	  1.3995e-01	  6.6561e-04	
          10	       react	           1	         -99	           0	          99	     11.6782	     6.51174	 -3.5000e-01	  6.0248e+00	  6.1607e+00	  1.3705e-01	  1.6933e-03	  8.7249e-02	  0.0000e+00	  1.7800e-02	  9.8475e-09	  2.5451e+00	  3.8470e-02	  1.4061e-01	  6.6513e-04	
          10	       react	           1	         -99	           0	         100	     11.6852	     6.50402	 -3.5000e-01	  6.0240e+00	  6.1620e+00	  1.3755e-01	  1.7199e-03	  8.6971e-02	  0.0000e+00	  1.7800e-02	  9.8460e-09	  2.5836e+00	  3.8471e-02	  1.4128e-01	  6.6463e-04	
