         sim	       state	        soln	      dist_x	        time	        step	          pH	          pe	    reaction	          Cl	          Na	           S	           K	          Ca	          Mg	     Calcite	   d_Calcite	      Halite	    d_Halite	      Gypsum	    d_Gypsum	
           3	       react	           2	         -99	           0	           1	     11.3689	     6.85268	 -2.3714e-01	  6.0510e+00	  6.1190e+00	  1.2170e-01	  8.4639e-04	  9.6807e-02	  0.0000e+00	  6.7183e-09	  6.7183e-09	  2.6063e-02	  2.6063e-02	  4.5905e-04	  4.5905e-04	
           3	       react	           2	         -99	           0	           2	     11.3712	     6.85012	 -2.3714e-01	  6.0509e+00	  6.1192e+00	  1.2178e-01	  8.5084e-04	  9.6753e-02	  0.0000e+00	  1.3436e-08	  6.7179e-09	  5.2126e-02	  2.6063e-02	  9.1808e-04	  4.5902e-04	
           3	       react	           2	         -99	           0	           3	     11.3735	     6.84755	 -2.3714e-01	  6.0508e+00	  6.1194e+00	  1.2185e-01	  8.5533e-04	  9.6699e-02	  0.0000e+00	  2.0154e-08	  6.7175e-09	  7.8189e-02	  2.6063e-02	  1.3771e-03	  4.5899e-04	
           3	       react	           2	         -99	           0	           4	     11.3759	     6.84496	 -2.3714e-01	  6.0506e+00	  6.1196e+00	  1.2193e-01	  8.5987e-04	  9.6644e-02	  0.0000e+00	  2.6871e-08	  6.7171e-09	  1.0425e-01	  2.6063e-02	  1.8360e-03	  4.5896e-04	
           3	       react	           2	         -99	           0	           5	     11.3775	     6.84316	 -1.6469e-01	  6.0505e+00	  6.1198e+00	  1.2199e-01	  8.6306e-04	  9.6606e-02	  0.0000e+00	  3.1535e-08	  4.6646e-09	  1.2235e-01	  1.8100e-02	  2.1547e-03	  3.1871e-04	
           3	       react	           2	         -99	           0	           6	     11.3791	     6.84135	 -1.6469e-01	  6.0504e+00	  6.1199e+00	  1.2204e-01	  8.6626e-04	  9.6567e-02	  0.0000e+00	  3.6200e-08	  4.6644e-09	  1.4045e-01	  1.8100e-02	  2.4734e-03	  3.1870e-04	
           3	       react	           2	         -99	           0	           7	     11.3808	     6.83953	 -1.6469e-01	  6.0503e+00	  6.1201e+00	  1.2210e-01	  8.6949e-04	  9.6528e-02	  0.0000e+00	  4.0864e-08	  4.6642e-09	  1.5855e-01	  1.8100e-02	  2.7921e-03	  3.1868e-04	
           3	       react	           2	         -99	           0	           8	     11.3824	     6.83771	 -1.6469e-01	  6.0502e+00	  6.1203e+00	  1.2216e-01	  8.7275e-04	  9.6489e-02	  0.0000e+00	  4.5528e-08	  4.6640e-09	  1.7665e-01	  1.8100e-02	  3.1108e-03	  3.1866e-04	
           3	       react	           2	         -99	           0	           9	     11.3841	     6.83588	 -1.6469e-01	  6.0501e+00	  6.1204e+00	  1.2221e-01	  8.7602e-04	  9.6450e-02	  0.0000e+00	  5.0192e-08	  4.6638e-09	  1.9475e-01	  1.8100e-02	  3.4294e-03	  3.1865e-04	
           3	       react	           2	         -99	           0	          10	     11.3858	     6.83404	 -1.6469e-01	  6.0500e+00	  6.1206e+00	  1.2227e-01	  8.7933e-04	  9.6410e-02	  0.0000e+00	  5.4855e-08	  4.6636e-09	  2.1285e-01	  1.8100e-02	  3.7481e-03	  3.1863e-04	
           3	       react	           2	         -99	           0	          11	     11.3874	      6.8322	 -1.6469e-01	  6.0499e+00	  6.1208e+00	  1.2233e-01	  8.8266e-04	  9.6370e-02	  0.0000e+00	  5.9519e-08	  4.6634e-09	  2.3095e-01	  1.8100e-02	  4.0667e-03	  3.1861e-04	
           3	       react	           2	         -99	           0	          12	     11.3891	     6.83035	 -1.6469e-01	  6.0498e+00	  6.1209e+00	  1.2239e-01	  8.8601e-04	  9.6330e-02	  0.0000e+00	  6.4182e-08	  4.6632e-09	  2.4905e-01	  1.8100e-02	  4.3853e-03	  3.1860e-04	
           3	       react	           2	         -99	           0	          13	     11.3908	     6.82849	 -1.6469e-01	  6.0497e+00	  6.1211e+00	  1.2244e-01	  8.8939e-04	  9.6289e-02	  0.0000e+00	  6.8845e-08	  4.6630e-09	  2.6715e-01	  1.8100e-02	  4.7039e-03	  3.1858e-04	
           3	       react	           2	         -99	           0	          14	     11.3925	     6.82662	 -1.6469e-01	  6.0496e+00	  6.1213e+00	  1.2250e-01	  8.9279e-04	  9.6248e-02	  0.0000e+00	  7.3508e-08	  4.6628e-09	  2.8525e-01	  1.8100e-02	  5.0224e-03	  3.1856e-04	
           3	       react	           2	         -99	           0	          15	     11.3942	     6.82475	 -1.6469e-01	  6.0495e+00	  6.1214e+00	  1.2256e-01	  8.9622e-04	  9.6207e-02	  0.0000e+00	  7.8171e-08	  4.6626e-09	  3.0335e-01	  1.8100e-02	  5.3410e-03	  3.1855e-04	
           3	       react	           2	         -99	           0	          16	     11.3959	     6.82287	 -1.6469e-01	  6.0494e+00	  6.1216e+00	  1.2262e-01	  8.9968e-04	  9.6166e-02	  0.0000e+00	  8.2833e-08	  4.6624e-09	  3.2145e-01	  1.8100e-02	  5.6595e-03	  3.1853e-04	
           3	       react	           2	         -99	           0	          17	     11.3976	     6.82098	 -1.6469e-01	  6.0493e+00	  6.1218e+00	  1.2269e-01	  9.0317e-04	  9.6124e-02	  0.0000e+00	  8.7495e-08	  4.6622e-09	  3.3955e-01	  1.8100e-02	  5.9780e-03	  3.1851e-04	
           3	       react	           2	         -99	           0	          18	     11.3994	     6.81908	 -1.6469e-01	  6.0492e+00	  6.1219e+00	  1.2275e-01	  9.0668e-04	  9.6082e-02	  0.0000e+00	  9.2157e-08	  4.6620e-09	  3.5765e-01	  1.8100e-02	  6.2965e-03	  3.1849e-04	
           3	       react	           2	         -99	           0	          19	     11.4011	     6.81718	 -1.6469e-01	  6.0491e+00	  6.1221e+00	  1.2281e-01	  9.1022e-04	  9.6040e-02	  0.0000e+00	  9.6819e-08	  4.6618e-09	  3.7575e-01	  1.8100e-02	  6.6150e-03	  3.1847e-04	
           3	       react	           2	         -99	           0	          20	     11.4028	     6.81527	 -1.6469e-01	  6.0490e+00	  6.1223e+00	  1.2287e-01	  9.1378e-04	  9.5997e-02	  0.0000e+00	  1.0148e-07	  4.6617e-09	  3.9385e-01	  1.8100e-02	  6.9334e-03	  3.1846e-04	
           3	       react	           2	         -99	           0	          21	     11.4046	     6.81335	 -1.6469e-01	  6.0489e+00	  6.1225e+00	  1.2293e-01	  9.1738e-04	  9.5954e-02	  0.0000e+00	  1.0614e-07	  4.6615e-09	  4.1195e-01	  1.8100e-02	  7.2519e-03	  3.1844e-04	
           3	       react	           2	         -99	           0	          22	     11.4063	     6.81142	 -1.6469e-01	  6.0488e+00	  6.1227e+00	  1.2300e-01	  9.2100e-04	  9.5911e-02	  0.0000e+00	  1.1080e-07	  4.6613e-09	  4.3005e-01	  1.8100e-02	  7.5703e-03	  3.1842e-04	
           3	       react	           2	         -99	           0	          23	     11.4081	     6.80949	 -1.6469e-01	  6.0487e+00	  6.1228e+00	  1.2306e-01	  9.2465e-04	  9.5867e-02	  0.0000e+00	  1.1546e-07	  4.6611e-09	  4.4815e-01	  1.8100e-02	  7.8887e-03	  3.1840e-04	
           3	       react	           2	         -99	           0	          24	     11.4098	     6.80755	 -1.6469e-01	  6.0485e+00	  6.1230e+00	  1.2312e-01	  9.2833e-04	  9.5823e-02	  0.0000e+00	  1.2013e-07	  4.6609e-09	  4.6625e-01	  1.8100e-02	  8.2071e-03	  3.1838e-04	
           3	       react	           2	         -99	           0	          25	     11.4116	      6.8056	 -1.6469e-01	  6.0484e+00	  6.1232e+00	  1.2319e-01	  9.3204e-04	  9.5779e-02	  0.0000e+00	  1.2479e-07	  4.6607e-09	  4.8435e-01	  1.8100e-02	  8.5254e-03	  3.1836e-04	
           3	       react	           2	         -99	           0	          26	     11.4134	     6.80364	 -1.6469e-01	  6.0483e+00	  6.1234e+00	  1.2325e-01	  9.3578e-04	  9.5735e-02	  0.0000e+00	  1.2945e-07	  4.6605e-09	  5.0245e-01	  1.8100e-02	  8.8438e-03	  3.1834e-04	
           3	       react	           2	         -99	           0	          27	     11.4152	     6.80167	 -1.6469e-01	  6.0482e+00	  6.1236e+00	  1.2332e-01	  9.3955e-04	  9.5690e-02	  0.0000e+00	  1.3411e-07	  4.6603e-09	  5.2055e-01	  1.8100e-02	  9.1621e-03	  3.1832e-04	
           3	       react	           2	         -99	           0	          28	     11.4169	      6.7997	 -1.6469e-01	  6.0481e+00	  6.1238e+00	  1.2339e-01	  9.4335e-04	  9.5645e-02	  0.0000e+00	  1.3877e-07	  4.6601e-09	  5.3865e-01	  1.8100e-02	  9.4804e-03	  3.1830e-04	
           3	       react	           2	         -99	           0	          29	     11.4187	     6.79772	 -1.6469e-01	  6.0480e+00	  6.1240e+00	  1.2345e-01	  9.4719e-04	  9.5599e-02	  0.0000e+00	  1.4343e-07	  4.6599e-09	  5.5675e-01	  1.8100e-02	  9.7987e-03	  3.1828e-04	
           3	       react	           2	         -99	           0	          30	     11.4206	     6.79573	 -1.6469e-01	  6.0478e+00	  6.1242e+00	  1.2352e-01	  9.5105e-04	  9.5553e-02	  0.0000e+00	  1.4809e-07	  4.6597e-09	  5.7485e-01	  1.8100e-02	  1.0117e-02	  3.1826e-04	
           3	       react	           2	         -99	           0	          31	     11.4224	     6.79373	 -1.6469e-01	  6.0477e+00	  6.1243e+00	  1.2359e-01	  9.5494e-04	  9.5507e-02	  0.0000e+00	  1.5275e-07	  4.6595e-09	  5.9295e-01	  1.8100e-02	  1.0435e-02	  3.1824e-04	
           3	       react	           2	         -99	           0	          32	     11.4242	     6.79172	 -1.6469e-01	  6.0476e+00	  6.1245e+00	  1.2366e-01	  9.5887e-04	  9.5460e-02	  0.0000e+00	  1.5741e-07	  4.6593e-09	  6.1105e-01	  1.8100e-02	  1.0753e-02	  3.1822e-04	
           3	       react	           2	         -99	           0	          33	      11.426	      6.7897	 -1.6469e-01	  6.0475e+00	  6.1247e+00	  1.2373e-01	  9.6283e-04	  9.5413e-02	  0.0000e+00	  1.6206e-07	  4.6591e-09	  6.2915e-01	  1.8100e-02	  1.1072e-02	  3.1819e-04	
           3	       react	           2	         -99	           0	          34	     11.4279	     6.78768	 -1.6469e-01	  6.0474e+00	  6.1249e+00	  1.2380e-01	  9.6682e-04	  9.5366e-02	  0.0000e+00	  1.6672e-07	  4.6589e-09	  6.4725e-01	  1.8100e-02	  1.1390e-02	  3.1817e-04	
           3	       react	           2	         -99	           0	          35	     11.4293	     6.78606	 -1.3174e-01	  6.0473e+00	  6.1251e+00	  1.2386e-01	  9.7004e-04	  9.5328e-02	  0.0000e+00	  1.7045e-07	  3.7267e-09	  6.6173e-01	  1.4479e-02	  1.1644e-02	  2.5450e-04	
           3	       react	           2	         -99	           0	          36	     11.4308	     6.78442	 -1.3174e-01	  6.0472e+00	  6.1253e+00	  1.2391e-01	  9.7328e-04	  9.5289e-02	  0.0000e+00	  1.7418e-07	  3.7265e-09	  6.7621e-01	  1.4479e-02	  1.1899e-02	  2.5449e-04	
           3	       react	           2	         -99	           0	          37	     11.4323	     6.78279	 -1.3174e-01	  6.0471e+00	  6.1254e+00	  1.2397e-01	  9.7654e-04	  9.5251e-02	  0.0000e+00	  1.7790e-07	  3.7264e-09	  6.9069e-01	  1.4479e-02	  1.2153e-02	  2.5447e-04	
           3	       react	           2	         -99	           0	          38	     11.4338	     6.78115	 -1.3174e-01	  6.0470e+00	  6.1256e+00	  1.2403e-01	  9.7982e-04	  9.5212e-02	  0.0000e+00	  1.8163e-07	  3.7263e-09	  7.0516e-01	  1.4479e-02	  1.2408e-02	  2.5446e-04	
           3	       react	           2	         -99	           0	          39	     11.4353	      6.7795	 -1.3174e-01	  6.0469e+00	  6.1257e+00	  1.2409e-01	  9.8312e-04	  9.5173e-02	  0.0000e+00	  1.8535e-07	  3.7261e-09	  7.1964e-01	  1.4479e-02	  1.2662e-02	  2.5445e-04	
           3	       react	           2	         -99	           0	          40	     11.4368	     6.77785	 -1.3174e-01	  6.0468e+00	  6.1259e+00	  1.2414e-01	  9.8645e-04	  9.5134e-02	  0.0000e+00	  1.8908e-07	  3.7260e-09	  7.3412e-01	  1.4479e-02	  1.2917e-02	  2.5443e-04	
           3	       react	           2	         -99	           0	          41	     11.4383	     6.77619	 -1.3174e-01	  6.0467e+00	  6.1261e+00	  1.2420e-01	  9.8980e-04	  9.5094e-02	  0.0000e+00	  1.9281e-07	  3.7259e-09	  7.4860e-01	  1.4479e-02	  1.3171e-02	  2.5442e-04	
           3	       react	           2	         -99	           0	          42	     11.4398	     6.77452	 -1.3174e-01	  6.0466e+00	  6.1262e+00	  1.2426e-01	  9.9317e-04	  9.5054e-02	  0.0000e+00	  1.9653e-07	  3.7258e-09	  7.6308e-01	  1.4479e-02	  1.3425e-02	  2.5440e-04	
           3	       react	           2	         -99	           0	          43	     11.4413	     6.77285	 -1.3174e-01	  6.0464e+00	  6.1264e+00	  1.2432e-01	  9.9656e-04	  9.5014e-02	  0.0000e+00	  2.0026e-07	  3.7256e-09	  7.7756e-01	  1.4479e-02	  1.3680e-02	  2.5439e-04	
           3	       react	           2	         -99	           0	          44	     11.4428	     6.77118	 -1.3174e-01	  6.0463e+00	  6.1266e+00	  1.2438e-01	  9.9998e-04	  9.4974e-02	  0.0000e+00	  2.0398e-07	  3.7255e-09	  7.9204e-01	  1.4479e-02	  1.3934e-02	  2.5437e-04	
           3	       react	           2	         -99	           0	          45	     11.4444	     6.76949	 -1.3174e-01	  6.0462e+00	  6.1267e+00	  1.2444e-01	  1.0034e-03	  9.4933e-02	  0.0000e+00	  2.0771e-07	  3.7254e-09	  8.0652e-01	  1.4479e-02	  1.4188e-02	  2.5435e-04	
           3	       react	           2	         -99	           0	          46	     11.4459	     6.76781	 -1.3174e-01	  6.0461e+00	  6.1269e+00	  1.2450e-01	  1.0069e-03	  9.4893e-02	  0.0000e+00	  2.1143e-07	  3.7252e-09	  8.2100e-01	  1.4479e-02	  1.4443e-02	  2.5434e-04	
           3	       react	           2	         -99	           0	          47	     11.4474	     6.76611	 -1.3174e-01	  6.0460e+00	  6.1271e+00	  1.2457e-01	  1.0104e-03	  9.4852e-02	  0.0000e+00	  2.1516e-07	  3.7251e-09	  8.3548e-01	  1.4479e-02	  1.4697e-02	  2.5432e-04	
           3	       react	           2	         -99	           0	          48	      11.449	     6.76441	 -1.3174e-01	  6.0459e+00	  6.1273e+00	  1.2463e-01	  1.0139e-03	  9.4810e-02	  0.0000e+00	  2.1888e-07	  3.7250e-09	  8.4995e-01	  1.4479e-02	  1.4951e-02	  2.5431e-04	
           3	       react	           2	         -99	           0	          49	     11.4505	      6.7627	 -1.3174e-01	  6.0458e+00	  6.1274e+00	  1.2469e-01	  1.0174e-03	  9.4769e-02	  0.0000e+00	  2.2261e-07	  3.7248e-09	  8.6443e-01	  1.4479e-02	  1.5206e-02	  2.5429e-04	
           3	       react	           2	         -99	           0	          50	     11.4521	     6.76099	 -1.3174e-01	  6.0457e+00	  6.1276e+00	  1.2475e-01	  1.0210e-03	  9.4727e-02	  0.0000e+00	  2.2633e-07	  3.7247e-09	  8.7891e-01	  1.4479e-02	  1.5460e-02	  2.5427e-04	
           3	       react	           2	         -99	           0	          51	     11.4536	     6.75927	 -1.3174e-01	  6.0456e+00	  6.1278e+00	  1.2482e-01	  1.0246e-03	  9.4685e-02	  0.0000e+00	  2.3006e-07	  3.7246e-09	  8.9339e-01	  1.4479e-02	  1.5714e-02	  2.5426e-04	
           3	       react	           2	         -99	           0	          52	     11.4552	     6.75755	 -1.3174e-01	  6.0455e+00	  6.1280e+00	  1.2488e-01	  1.0282e-03	  9.4642e-02	  0.0000e+00	  2.3378e-07	  3.7244e-09	  9.0787e-01	  1.4479e-02	  1.5968e-02	  2.5424e-04	
           3	       react	           2	         -99	           0	          53	     11.4568	     6.75582	 -1.3174e-01	  6.0454e+00	  6.1282e+00	  1.2494e-01	  1.0318e-03	  9.4600e-02	  0.0000e+00	  2.3751e-07	  3.7243e-09	  9.2235e-01	  1.4479e-02	  1.6223e-02	  2.5422e-04	
           3	       react	           2	         -99	           0	          54	     11.4584	     6.75408	 -1.3174e-01	  6.0453e+00	  6.1283e+00	  1.2501e-01	  1.0355e-03	  9.4557e-02	  0.0000e+00	  2.4123e-07	  3.7242e-09	  9.3683e-01	  1.4479e-02	  1.6477e-02	  2.5421e-04	
           3	       react	           2	         -99	           0	          55	     11.4599	     6.75234	 -1.3174e-01	  6.0451e+00	  6.1285e+00	  1.2507e-01	  1.0392e-03	  9.4513e-02	  0.0000e+00	  2.4496e-07	  3.7240e-09	  9.5131e-01	  1.4479e-02	  1.6731e-02	  2.5419e-04	
           3	       react	           2	         -99	           0	          56	     11.4615	     6.75059	 -1.3174e-01	  6.0450e+00	  6.1287e+00	  1.2514e-01	  1.0429e-03	  9.4470e-02	  0.0000e+00	  2.4868e-07	  3.7239e-09	  9.6579e-01	  1.4479e-02	  1.6985e-02	  2.5417e-04	
           3	       react	           2	         -99	           0	          57	     11.4631	     6.74883	 -1.3174e-01	  6.0449e+00	  6.1289e+00	  1.2521e-01	  1.0467e-03	  9.4426e-02	  0.0000e+00	  2.5240e-07	  3.7238e-09	  9.8027e-01	  1.4479e-02	  1.7239e-02	  2.5415e-04	
           3	       react	           2	         -99	           0	          58	     11.4647	     6.74707	 -1.3174e-01	  6.0448e+00	  6.1291e+00	  1.2527e-01	  1.0504e-03	  9.4382e-02	  0.0000e+00	  2.5613e-07	  3.7236e-09	  9.9474e-01	  1.4479e-02	  1.7494e-02	  2.5414e-04	
           3	       react	           2	         -99	           0	          59	     11.4663	      6.7453	 -1.3174e-01	  6.0447e+00	  6.1293e+00	  1.2534e-01	  1.0542e-03	  9.4337e-02	  0.0000e+00	  2.5985e-07	  3.7235e-09	  1.0092e+00	  1.4479e-02	  1.7748e-02	  2.5412e-04	
           3	       react	           2	         -99	           0	          60	     11.4679	     6.74353	 -1.3174e-01	  6.0446e+00	  6.1295e+00	  1.2541e-01	  1.0581e-03	  9.4293e-02	  0.0000e+00	  2.6357e-07	  3.7234e-09	  1.0237e+00	  1.4479e-02	  1.8002e-02	  2.5410e-04	
           3	       react	           2	         -99	           0	          61	     11.4695	     6.74174	 -1.3174e-01	  6.0444e+00	  6.1296e+00	  1.2548e-01	  1.0619e-03	  9.4248e-02	  0.0000e+00	  2.6730e-07	  3.7232e-09	  1.0382e+00	  1.4479e-02	  1.8256e-02	  2.5408e-04	
           3	       react	           2	         -99	           0	          62	     11.4712	     6.73995	 -1.3174e-01	  6.0443e+00	  6.1298e+00	  1.2555e-01	  1.0658e-03	  9.4202e-02	  0.0000e+00	  2.7102e-07	  3.7231e-09	  1.0527e+00	  1.4479e-02	  1.8510e-02	  2.5406e-04	
           3	       react	           2	         -99	           0	          63	     11.4728	     6.73816	 -1.3174e-01	  6.0442e+00	  6.1300e+00	  1.2562e-01	  1.0697e-03	  9.4157e-02	  0.0000e+00	  2.7474e-07	  3.7229e-09	  1.0671e+00	  1.4479e-02	  1.8764e-02	  2.5404e-04	
           3	       react	           2	         -99	           0	          64	     11.4744	     6.73636	 -1.3174e-01	  6.0441e+00	  6.1302e+00	  1.2569e-01	  1.0736e-03	  9.4111e-02	  0.0000e+00	  2.7847e-07	  3.7228e-09	  1.0816e+00	  1.4479e-02	  1.9018e-02	  2.5403e-04	
           3	       react	           2	         -99	           0	          65	     11.4761	     6.73455	 -1.3174e-01	  6.0440e+00	  6.1304e+00	  1.2576e-01	  1.0776e-03	  9.4065e-02	  0.0000e+00	  2.8219e-07	  3.7227e-09	  1.0961e+00	  1.4479e-02	  1.9272e-02	  2.5401e-04	
           3	       react	           2	         -99	           0	          66	      11.478	     6.73246	 -1.5150e-01	  6.0438e+00	  6.1306e+00	  1.2584e-01	  1.0822e-03	  9.4011e-02	  0.0000e+00	  2.8647e-07	  4.2809e-09	  1.1127e+00	  1.6651e-02	  1.9564e-02	  2.9208e-04	
           3	       react	           2	         -99	           0	          67	     11.4799	     6.73036	 -1.5150e-01	  6.0437e+00	  6.1309e+00	  1.2592e-01	  1.0868e-03	  9.3957e-02	  0.0000e+00	  2.9075e-07	  4.2807e-09	  1.1294e+00	  1.6651e-02	  1.9856e-02	  2.9206e-04	
           3	       react	           2	         -99	           0	          68	     11.4818	     6.72825	 -1.5150e-01	  6.0435e+00	  6.1311e+00	  1.2600e-01	  1.0915e-03	  9.3903e-02	  0.0000e+00	  2.9503e-07	  4.2806e-09	  1.1461e+00	  1.6651e-02	  2.0148e-02	  2.9203e-04	
           3	       react	           2	         -99	           0	          69	     11.4837	     6.72614	 -1.5150e-01	  6.0434e+00	  6.1313e+00	  1.2609e-01	  1.0962e-03	  9.3848e-02	  0.0000e+00	  2.9931e-07	  4.2804e-09	  1.1627e+00	  1.6651e-02	  2.0440e-02	  2.9201e-04	
           3	       react	           2	         -99	           0	          70	     11.4856	     6.72401	 -1.5150e-01	  6.0432e+00	  6.1316e+00	  1.2617e-01	  1.1010e-03	  9.3793e-02	  0.0000e+00	  3.0359e-07	  4.2802e-09	  1.1794e+00	  1.6651e-02	  2.0732e-02	  2.9198e-04	
           3	       react	           2	         -99	           0	          71	     11.4876	     6.72188	 -1.5150e-01	  6.0431e+00	  6.1318e+00	  1.2626e-01	  1.1058e-03	  9.3737e-02	  0.0000e+00	  3.0787e-07	  4.2800e-09	  1.1960e+00	  1.6651e-02	  2.1024e-02	  2.9195e-04	
           3	       react	           2	         -99	           0	          72	     11.4895	     6.71973	 -1.5150e-01	  6.0429e+00	  6.1321e+00	  1.2634e-01	  1.1107e-03	  9.3681e-02	  0.0000e+00	  3.1215e-07	  4.2798e-09	  1.2127e+00	  1.6651e-02	  2.1316e-02	  2.9192e-04	
           3	       react	           2	         -99	           0	          73	     11.4915	     6.71758	 -1.5150e-01	  6.0428e+00	  6.1323e+00	  1.2643e-01	  1.1155e-03	  9.3625e-02	  0.0000e+00	  3.1643e-07	  4.2796e-09	  1.2293e+00	  1.6651e-02	  2.1608e-02	  2.9190e-04	
           3	       react	           2	         -99	           0	          74	     11.4934	     6.71541	 -1.5150e-01	  6.0426e+00	  6.1325e+00	  1.2652e-01	  1.1205e-03	  9.3568e-02	  0.0000e+00	  3.2071e-07	  4.2794e-09	  1.2460e+00	  1.6651e-02	  2.1900e-02	  2.9187e-04	
           3	       react	           2	         -99	           0	          75	     11.4954	     6.71324	 -1.5150e-01	  6.0425e+00	  6.1328e+00	  1.2661e-01	  1.1254e-03	  9.3510e-02	  0.0000e+00	  3.2499e-07	  4.2793e-09	  1.2626e+00	  1.6651e-02	  2.2192e-02	  2.9184e-04	
           3	       react	           2	         -99	           0	          76	     11.4974	     6.71105	 -1.5150e-01	  6.0423e+00	  6.1330e+00	  1.2670e-01	  1.1305e-03	  9.3452e-02	  0.0000e+00	  3.2927e-07	  4.2791e-09	  1.2793e+00	  1.6651e-02	  2.2483e-02	  2.9181e-04	
           3	       react	           2	         -99	           0	          77	     11.4994	     6.70886	 -1.5150e-01	  6.0422e+00	  6.1333e+00	  1.2679e-01	  1.1355e-03	  9.3394e-02	  0.0000e+00	  3.3355e-07	  4.2789e-09	  1.2959e+00	  1.6651e-02	  2.2775e-02	  2.9178e-04	
           3	       react	           2	         -99	           0	          78	     11.5014	     6.70666	 -1.5150e-01	  6.0420e+00	  6.1335e+00	  1.2688e-01	  1.1406e-03	  9.3335e-02	  0.0000e+00	  3.3783e-07	  4.2787e-09	  1.3126e+00	  1.6651e-02	  2.3067e-02	  2.9175e-04	
           3	       react	           2	         -99	           0	          79	     11.5034	     6.70444	 -1.5150e-01	  6.0419e+00	  6.1338e+00	  1.2697e-01	  1.1458e-03	  9.3275e-02	  0.0000e+00	  3.4210e-07	  4.2785e-09	  1.3292e+00	  1.6651e-02	  2.3359e-02	  2.9172e-04	
           3	       react	           2	         -99	           0	          80	     11.5054	     6.70222	 -1.5150e-01	  6.0417e+00	  6.1340e+00	  1.2707e-01	  1.1510e-03	  9.3216e-02	  0.0000e+00	  3.4638e-07	  4.2783e-09	  1.3459e+00	  1.6651e-02	  2.3650e-02	  2.9169e-04	
           3	       react	           2	         -99	           0	          81	     11.5074	     6.69998	 -1.5150e-01	  6.0415e+00	  6.1343e+00	  1.2716e-01	  1.1562e-03	  9.3155e-02	  0.0000e+00	  3.5066e-07	  4.2781e-09	  1.3625e+00	  1.6651e-02	  2.3942e-02	  2.9166e-04	
           3	       react	           2	         -99	           0	          82	     11.5095	     6.69774	 -1.5150e-01	  6.0414e+00	  6.1346e+00	  1.2725e-01	  1.1615e-03	  9.3094e-02	  0.0000e+00	  3.5494e-07	  4.2779e-09	  1.3792e+00	  1.6651e-02	  2.4234e-02	  2.9163e-04	
           3	       react	           2	         -99	           0	          83	     11.5115	     6.69548	 -1.5150e-01	  6.0412e+00	  6.1348e+00	  1.2735e-01	  1.1669e-03	  9.3033e-02	  0.0000e+00	  3.5922e-07	  4.2777e-09	  1.3958e+00	  1.6651e-02	  2.4525e-02	  2.9159e-04	
           3	       react	           2	         -99	           0	          84	     11.5136	     6.69322	 -1.5150e-01	  6.0410e+00	  6.1351e+00	  1.2745e-01	  1.1723e-03	  9.2971e-02	  0.0000e+00	  3.6349e-07	  4.2775e-09	  1.4125e+00	  1.6651e-02	  2.4817e-02	  2.9156e-04	
           3	       react	           2	         -99	           0	          85	     11.5157	     6.69094	 -1.5150e-01	  6.0409e+00	  6.1354e+00	  1.2754e-01	  1.1777e-03	  9.2909e-02	  0.0000e+00	  3.6777e-07	  4.2774e-09	  1.4291e+00	  1.6651e-02	  2.5108e-02	  2.9153e-04	
           3	       react	           2	         -99	           0	          86	     11.5177	     6.68865	 -1.5150e-01	  6.0407e+00	  6.1356e+00	  1.2764e-01	  1.1832e-03	  9.2846e-02	  0.0000e+00	  3.7205e-07	  4.2772e-09	  1.4458e+00	  1.6651e-02	  2.5400e-02	  2.9150e-04	
           3	       react	           2	         -99	           0	          87	     11.5198	     6.68635	 -1.5150e-01	  6.0405e+00	  6.1359e+00	  1.2774e-01	  1.1888e-03	  9.2782e-02	  0.0000e+00	  3.7633e-07	  4.2770e-09	  1.4624e+00	  1.6651e-02	  2.5691e-02	  2.9146e-04	
           3	       react	           2	         -99	           0	          88	     11.5219	     6.68404	 -1.5150e-01	  6.0404e+00	  6.1362e+00	  1.2784e-01	  1.1944e-03	  9.2718e-02	  0.0000e+00	  3.8060e-07	  4.2768e-09	  1.4791e+00	  1.6651e-02	  2.5983e-02	  2.9143e-04	
           3	       react	           2	         -99	           0	          89	      11.524	     6.68172	 -1.5150e-01	  6.0402e+00	  6.1365e+00	  1.2795e-01	  1.2000e-03	  9.2654e-02	  0.0000e+00	  3.8488e-07	  4.2766e-09	  1.4957e+00	  1.6651e-02	  2.6274e-02	  2.9139e-04	
           3	       react	           2	         -99	           0	          90	     11.5261	     6.67939	 -1.5150e-01	  6.0400e+00	  6.1368e+00	  1.2805e-01	  1.2057e-03	  9.2589e-02	  0.0000e+00	  3.8916e-07	  4.2764e-09	  1.5124e+00	  1.6651e-02	  2.6566e-02	  2.9136e-04	
           3	       react	           2	         -99	           0	          91	     11.5283	     6.67704	 -1.5150e-01	  6.0398e+00	  6.1370e+00	  1.2815e-01	  1.2115e-03	  9.2523e-02	  0.0000e+00	  3.9343e-07	  4.2762e-09	  1.5290e+00	  1.6651e-02	  2.6857e-02	  2.9132e-04	
           3	       react	           2	         -99	           0	          92	     11.5304	     6.67469	 -1.5150e-01	  6.0397e+00	  6.1373e+00	  1.2826e-01	  1.2173e-03	  9.2457e-02	  0.0000e+00	  3.9771e-07	  4.2760e-09	  1.5457e+00	  1.6651e-02	  2.7148e-02	  2.9129e-04	
           3	       react	           2	         -99	           0	          93	     11.5325	     6.67232	 -1.5150e-01	  6.0395e+00	  6.1376e+00	  1.2836e-01	  1.2232e-03	  9.2390e-02	  0.0000e+00	  4.0198e-07	  4.2758e-09	  1.5623e+00	  1.6651e-02	  2.7439e-02	  2.9125e-04	
           3	       react	           2	         -99	           0	          94	     11.5347	     6.66994	 -1.5150e-01	  6.0393e+00	  6.1379e+00	  1.2847e-01	  1.2291e-03	  9.2323e-02	  0.0000e+00	  4.0626e-07	  4.2756e-09	  1.5790e+00	  1.6651e-02	  2.7731e-02	  2.9121e-04	
           3	       react	           2	         -99	           0	          95	     11.5369	     6.66755	 -1.5150e-01	  6.0391e+00	  6.1382e+00	  1.2858e-01	  1.2351e-03	  9.2255e-02	  0.0000e+00	  4.1053e-07	  4.2754e-09	  1.5956e+00	  1.6651e-02	  2.8022e-02	  2.9118e-04	
           3	       react	           2	         -99	           0	          96	     11.5391	     6.66515	 -1.5150e-01	  6.0389e+00	  6.1385e+00	  1.2869e-01	  1.2412e-03	  9.2186e-02	  0.0000e+00	  4.1481e-07	  4.2752e-09	  1.6123e+00	  1.6651e-02	  2.8313e-02	  2.9114e-04	
           3	       react	           2	         -99	           0	          97	     11.5422	     6.66168	 -2.1738e-01	  6.0386e+00	  6.1389e+00	  1.2885e-01	  1.2499e-03	  9.2087e-02	  0.0000e+00	  4.2094e-07	  6.1338e-09	  1.6362e+00	  2.3892e-02	  2.8731e-02	  4.1767e-04	
           3	       react	           2	         -99	           0	          98	     11.5454	     6.65819	 -2.1738e-01	  6.0384e+00	  6.1394e+00	  1.2901e-01	  1.2588e-03	  9.1986e-02	  0.0000e+00	  4.2708e-07	  6.1334e-09	  1.6601e+00	  2.3892e-02	  2.9148e-02	  4.1759e-04	
           3	       react	           2	         -99	           0	          99	     11.5486	     6.65467	 -2.1738e-01	  6.0381e+00	  6.1398e+00	  1.2917e-01	  1.2679e-03	  9.1884e-02	  0.0000e+00	  4.3321e-07	  6.1330e-09	  1.6840e+00	  2.3892e-02	  2.9566e-02	  4.1750e-04	
           3	       react	           2	         -99	           0	         100	     11.5518	     6.65112	 -2.1738e-01	  6.0378e+00	  6.1403e+00	  1.2934e-01	  1.2770e-03	  9.1781e-02	  0.0000e+00	  4.3934e-07	  6.1326e-09	  1.7079e+00	  2.3892e-02	  2.9983e-02	  4.1742e-04	
