SOLUTION 1
temp 25
pH 8.3
units mg/l
density 1.2
Ca 4000
K 25
Na 101000 -charge
Cl 163000
S 11000
N(+3) 250
C(4) 250
PHASES
Water
H2O = H2O
log_K 100
SAVE SOLUTION 1
END
USE SOLUTION 1
REACTION 1
Water
-0.3491889499372145 -0.3217860836594131 -0.2159952010349931 -0.0945267115754583 -0.3095996499253406 -0.3330501650695191 -0.3299542103244537 -0.3265288521817363 -0.2007786849808215 -0.1951136695909427 -0.31645039456951 -0.1547998391420376 -0.3097314228280258 -0.2059166886015782 -0.0769388011153689 -0.2371401404240824 -0.2371401404240824 -0.2371401404240824 -0.2371401404240824 -0.2371401404240824 -0.2371401404240824 -0.2371401404240824 -0.2371401404240824 -0.2371401404240824 -0.2371401404240824 -0.2371401404240824 -0.2371401404240824 -0.2371401404240824 -0.2371401404240824 -0.2371401404240824 -0.2371401404240824 -0.2371401404240824 -0.2371401404240824 -0.2371401404240824 -0.2371401404240824 -0.2371401404240824 -0.2371401404240824 -0.2371401404240824 -0.2371401404240824 -0.2371401404240824
INCREMENTAL_REACTIONS true
EQUILIBRIUM_PHASES 1
Calcite 0.0 0.0
Gypsum 0.0 0.0
Halite 0.0 0.0
SELECTED_OUTPUT
-file C:/Users/ines.draaijer/Desktop/Proyectos/Tografa/code_transfers/experiment_results/output/results.dat
-selected_out true
-step true
-ph true
-reaction true
-equilibrium_phases Calcite Halite Gypsum
-totals Cl Na S K Ca Mg
SAVE SOLUTION 2
SAVE EQUILIBRIUM_PHASES 1
END
USE SOLUTION 2
REACTION 2
Water
-0.2371401404240824 -0.2371401404240824 -0.2371401404240824 -0.2371401404240824 -0.1646858857139795 -0.1646858857139795 -0.1646858857139795 -0.1646858857139795 -0.1646858857139795 -0.1646858857139795 -0.1646858857139795 -0.1646858857139795 -0.1646858857139795 -0.1646858857139795 -0.1646858857139795 -0.1646858857139795 -0.1646858857139795 -0.1646858857139795 -0.1646858857139795 -0.1646858857139795 -0.1646858857139795 -0.1646858857139795 -0.1646858857139795 -0.1646858857139795 -0.1646858857139795 -0.1646858857139795 -0.1646858857139795 -0.1646858857139795 -0.1646858857139795 -0.1646858857139795 -0.1646858857139795 -0.1646858857139795 -0.1646858857139795 -0.1646858857139795 -0.1317391909080638 -0.1317391909080638 -0.1317391909080638 -0.1317391909080638 -0.1317391909080638 -0.1317391909080638 -0.1317391909080638 -0.1317391909080638 -0.1317391909080638 -0.1317391909080638 -0.1317391909080638 -0.1317391909080638 -0.1317391909080638 -0.1317391909080638 -0.1317391909080638 -0.1317391909080638 -0.1317391909080638 -0.1317391909080638 -0.1317391909080638 -0.1317391909080638 -0.1317391909080638 -0.1317391909080638 -0.1317391909080638 -0.1317391909080638 -0.1317391909080638 -0.1317391909080638 -0.1317391909080638 -0.1317391909080638 -0.1317391909080638 -0.1317391909080638 -0.1317391909080638 -0.1515008600110374 -0.1515008600110374 -0.1515008600110374 -0.1515008600110374 -0.1515008600110374 -0.1515008600110374 -0.1515008600110374 -0.1515008600110374 -0.1515008600110374 -0.1515008600110374 -0.1515008600110374 -0.1515008600110374 -0.1515008600110374 -0.1515008600110374 -0.1515008600110374 -0.1515008600110374 -0.1515008600110374 -0.1515008600110374 -0.1515008600110374 -0.1515008600110374 -0.1515008600110374 -0.1515008600110374 -0.1515008600110374 -0.1515008600110374 -0.1515008600110374 -0.1515008600110374 -0.1515008600110374 -0.1515008600110374 -0.1515008600110374 -0.1515008600110374 -0.1515008600110374 -0.2173783747378018 -0.2173783747378018 -0.2173783747378018 -0.2173783747378018
INCREMENTAL_REACTIONS true
EQUILIBRIUM_PHASES 100
Calcite 0.0 0.0
Gypsum 0.0 0.0
Halite 0.0 0.0
SELECTED_OUTPUT
-file C:/Users/ines.draaijer/Desktop/Proyectos/Tografa/code_transfers/experiment_results/output/results2.dat
-selected_out true
-step true
-ph true
-reaction true
-equilibrium_phases Calcite Halite Gypsum
-totals Cl Na S K Ca Mg
END
USE SOLUTION 1
USE EQUILIBRIUM_PHASES 1
REACTION 3
Water
-0.2371401404240824 -0.2371401404240824 -0.2371401404240824 -0.2371401404240824 -0.1646858857139795 -0.1646858857139795 -0.1646858857139795 -0.1646858857139795 -0.1646858857139795 -0.1646858857139795 -0.1646858857139795 -0.1646858857139795 -0.1646858857139795 -0.1646858857139795 -0.1646858857139795 -0.1646858857139795 -0.1646858857139795 -0.1646858857139795 -0.1646858857139795 -0.1646858857139795 -0.1646858857139795 -0.1646858857139795 -0.1646858857139795 -0.1646858857139795 -0.1646858857139795 -0.1646858857139795 -0.1646858857139795 -0.1646858857139795 -0.1646858857139795 -0.1646858857139795 -0.1646858857139795 -0.1646858857139795 -0.1646858857139795 -0.1646858857139795 -0.1317391909080638 -0.1317391909080638 -0.1317391909080638 -0.1317391909080638 -0.1317391909080638 -0.1317391909080638 -0.1317391909080638 -0.1317391909080638 -0.1317391909080638 -0.1317391909080638 -0.1317391909080638 -0.1317391909080638 -0.1317391909080638 -0.1317391909080638 -0.1317391909080638 -0.1317391909080638 -0.1317391909080638 -0.1317391909080638 -0.1317391909080638 -0.1317391909080638 -0.1317391909080638 -0.1317391909080638 -0.1317391909080638 -0.1317391909080638 -0.1317391909080638 -0.1317391909080638 -0.1317391909080638 -0.1317391909080638 -0.1317391909080638 -0.1317391909080638 -0.1317391909080638 -0.1515008600110374 -0.1515008600110374 -0.1515008600110374 -0.1515008600110374 -0.1515008600110374 -0.1515008600110374 -0.1515008600110374 -0.1515008600110374 -0.1515008600110374 -0.1515008600110374 -0.1515008600110374 -0.1515008600110374 -0.1515008600110374 -0.1515008600110374 -0.1515008600110374 -0.1515008600110374 -0.1515008600110374 -0.1515008600110374 -0.1515008600110374 -0.1515008600110374 -0.1515008600110374 -0.1515008600110374 -0.1515008600110374 -0.1515008600110374 -0.1515008600110374 -0.1515008600110374 -0.1515008600110374 -0.1515008600110374 -0.1515008600110374 -0.1515008600110374 -0.1515008600110374 -0.2173783747378018 -0.2173783747378018 -0.2173783747378018 -0.2173783747378018
INCREMENTAL_REACTIONS true
SELECTED_OUTPUT
-file C:/Users/ines.draaijer/Desktop/Proyectos/Tografa/code_transfers/experiment_results/output/results3.dat
-selected_out true
-step true
-ph true
-reaction true
-equilibrium_phases Calcite Halite Gypsum
-totals Cl Na S K Ca Mg
END
USE SOLUTION 1
USE EQUILIBRIUM_PHASES 1
REACTION 4
Water
-0.2371401404240824 -0.2371401404240824 -0.2371401404240824 -0.2371401404240824 -0.1646858857139795 -0.1646858857139795 -0.1646858857139795 -0.1646858857139795 -0.1646858857139795 -0.1646858857139795 -0.1646858857139795 -0.1646858857139795 -0.1646858857139795 -0.1646858857139795 -0.1646858857139795 -0.1646858857139795 -0.1646858857139795 -0.1646858857139795 -0.1646858857139795 -0.1646858857139795 -0.1646858857139795 -0.1646858857139795 -0.1646858857139795 -0.1646858857139795 -0.1646858857139795 -0.1646858857139795 -0.1646858857139795 -0.1646858857139795 -0.1646858857139795 -0.1646858857139795 -0.1646858857139795 -0.1646858857139795 -0.1646858857139795 -0.1646858857139795 -0.1317391909080638 -0.1317391909080638 -0.1317391909080638 -0.1317391909080638 -0.1317391909080638 -0.1317391909080638 -0.1317391909080638 -0.1317391909080638 -0.1317391909080638 -0.1317391909080638 -0.1317391909080638 -0.1317391909080638 -0.1317391909080638 -0.1317391909080638 -0.1317391909080638 -0.1317391909080638 -0.1317391909080638 -0.1317391909080638 -0.1317391909080638 -0.1317391909080638 -0.1317391909080638 -0.1317391909080638 -0.1317391909080638 -0.1317391909080638 -0.1317391909080638 -0.1317391909080638 -0.1317391909080638 -0.1317391909080638 -0.1317391909080638
INCREMENTAL_REACTIONS true
SELECTED_OUTPUT
-file C:/Users/ines.draaijer/Desktop/Proyectos/Tografa/code_transfers/experiment_results/output/results4.dat
-selected_out true
-step true
-ph true
-reaction true
-equilibrium_phases Calcite Halite Gypsum
-totals Cl Na S K Ca Mg
SAVE SOLUTION 3
SAVE EQUILIBRIUM_PHASES 2
END
USE SOLUTION 3
REACTION 5
Water
-0.1317391909080638 -0.1317391909080638 -0.1515008600110374 -0.1515008600110374 -0.1515008600110374 -0.1515008600110374 -0.1515008600110374 -0.1515008600110374 -0.1515008600110374 -0.1515008600110374 -0.1515008600110374 -0.1515008600110374 -0.1515008600110374 -0.1515008600110374 -0.1515008600110374 -0.1515008600110374 -0.1515008600110374 -0.1515008600110374 -0.1515008600110374 -0.1515008600110374 -0.1515008600110374 -0.1515008600110374 -0.1515008600110374 -0.1515008600110374 -0.1515008600110374 -0.1515008600110374 -0.1515008600110374 -0.1515008600110374 -0.1515008600110374 -0.1515008600110374 -0.1515008600110374 -0.1515008600110374 -0.1515008600110374 -0.2173783747378018 -0.2173783747378018 -0.2173783747378018 -0.2173783747378018 -0.2173783747378018 -0.2173783747378018 -0.2173783747378018 -0.2173783747378018 -0.2173783747378018 -0.2173783747378018 -0.2173783747378018 -0.2173783747378018 -0.2173783747378018 -0.2173783747378018 -0.2173783747378018 -0.2173783747378018 -0.2173783747378018 -0.2173783747378018 -0.2173783747378018 -0.2173783747378018 -0.2173783747378018 -0.2173783747378018 -0.2173783747378018 -0.2173783747378018 -0.2173783747378018 -0.2173783747378018 -0.2173783747378018 -0.2173783747378018 -0.3095943040435006 -0.3095943040435006 -0.3095943040435006 -0.3095943040435006 -0.3095943040435006 -0.3095943040435006 -0.3095943040435006 -0.3095943040435006 -0.3095943040435006 -0.3095943040435006 -0.3095943040435006 -0.3095943040435006 -0.3095943040435006 -0.3095943040435006 -0.3095943040435006 -0.3095943040435006 -0.3095943040435006 -0.3095943040435006 -0.3095943040435006 -0.3095943040435006 -0.3095943040435006 -0.3095943040435006 -0.3095943040435006 -0.3095943040435006 -0.3095943040435006 -0.3095943040435006 -0.3095943040435006 -0.3095943040435006 -0.3095943040435006 -0.3095943040435006 -0.3095943040435006 -0.35 -0.35 -0.35 -0.35 -0.35 -0.35 -0.35 -0.35
INCREMENTAL_REACTIONS true
EQUILIBRIUM_PHASES 102
Calcite 0.0 0.0
Gypsum 0.0 0.0
Halite 0.0 0.0
SELECTED_OUTPUT
-file C:/Users/ines.draaijer/Desktop/Proyectos/Tografa/code_transfers/experiment_results/output/results5.dat
-selected_out true
-step true
-ph true
-reaction true
-equilibrium_phases Calcite Halite Gypsum
-totals Cl Na S K Ca Mg
END
USE SOLUTION 1
USE EQUILIBRIUM_PHASES 2
REACTION 6
Water
-0.1317391909080638 -0.1317391909080638 -0.1515008600110374 -0.1515008600110374 -0.1515008600110374 -0.1515008600110374 -0.1515008600110374 -0.1515008600110374 -0.1515008600110374 -0.1515008600110374 -0.1515008600110374 -0.1515008600110374 -0.1515008600110374 -0.1515008600110374 -0.1515008600110374 -0.1515008600110374 -0.1515008600110374 -0.1515008600110374 -0.1515008600110374 -0.1515008600110374 -0.1515008600110374 -0.1515008600110374 -0.1515008600110374 -0.1515008600110374 -0.1515008600110374 -0.1515008600110374 -0.1515008600110374 -0.1515008600110374 -0.1515008600110374 -0.1515008600110374 -0.1515008600110374 -0.1515008600110374 -0.1515008600110374 -0.2173783747378018 -0.2173783747378018 -0.2173783747378018 -0.2173783747378018 -0.2173783747378018 -0.2173783747378018 -0.2173783747378018 -0.2173783747378018 -0.2173783747378018 -0.2173783747378018 -0.2173783747378018 -0.2173783747378018 -0.2173783747378018 -0.2173783747378018 -0.2173783747378018 -0.2173783747378018 -0.2173783747378018 -0.2173783747378018 -0.2173783747378018 -0.2173783747378018 -0.2173783747378018 -0.2173783747378018 -0.2173783747378018 -0.2173783747378018 -0.2173783747378018 -0.2173783747378018 -0.2173783747378018 -0.2173783747378018 -0.3095943040435006 -0.3095943040435006 -0.3095943040435006 -0.3095943040435006 -0.3095943040435006 -0.3095943040435006 -0.3095943040435006 -0.3095943040435006 -0.3095943040435006 -0.3095943040435006 -0.3095943040435006 -0.3095943040435006 -0.3095943040435006 -0.3095943040435006 -0.3095943040435006 -0.3095943040435006 -0.3095943040435006 -0.3095943040435006 -0.3095943040435006 -0.3095943040435006 -0.3095943040435006 -0.3095943040435006 -0.3095943040435006 -0.3095943040435006 -0.3095943040435006 -0.3095943040435006 -0.3095943040435006 -0.3095943040435006 -0.3095943040435006 -0.3095943040435006 -0.3095943040435006 -0.35 -0.35 -0.35 -0.35 -0.35 -0.35 -0.35 -0.35
INCREMENTAL_REACTIONS true
SELECTED_OUTPUT
-file C:/Users/ines.draaijer/Desktop/Proyectos/Tografa/code_transfers/experiment_results/output/results6.dat
-selected_out true
-step true
-ph true
-reaction true
-equilibrium_phases Calcite Halite Gypsum
-totals Cl Na S K Ca Mg
END
USE SOLUTION 1
USE EQUILIBRIUM_PHASES 2
REACTION 7
Water
-0.1317391909080638 -0.1317391909080638 -0.1515008600110374 -0.1515008600110374 -0.1515008600110374 -0.1515008600110374 -0.1515008600110374 -0.1515008600110374 -0.1515008600110374 -0.1515008600110374 -0.1515008600110374 -0.1515008600110374 -0.1515008600110374 -0.1515008600110374 -0.1515008600110374 -0.1515008600110374 -0.1515008600110374 -0.1515008600110374 -0.1515008600110374 -0.1515008600110374 -0.1515008600110374 -0.1515008600110374 -0.1515008600110374 -0.1515008600110374 -0.1515008600110374 -0.1515008600110374 -0.1515008600110374 -0.1515008600110374 -0.1515008600110374 -0.1515008600110374 -0.1515008600110374 -0.1515008600110374 -0.1515008600110374 -0.2173783747378018 -0.2173783747378018 -0.2173783747378018 -0.2173783747378018 -0.2173783747378018 -0.2173783747378018 -0.2173783747378018 -0.2173783747378018 -0.2173783747378018 -0.2173783747378018 -0.2173783747378018 -0.2173783747378018 -0.2173783747378018 -0.2173783747378018 -0.2173783747378018 -0.2173783747378018 -0.2173783747378018 -0.2173783747378018 -0.2173783747378018 -0.2173783747378018 -0.2173783747378018 -0.2173783747378018
INCREMENTAL_REACTIONS true
SELECTED_OUTPUT
-file C:/Users/ines.draaijer/Desktop/Proyectos/Tografa/code_transfers/experiment_results/output/results7.dat
-selected_out true
-step true
-ph true
-reaction true
-equilibrium_phases Calcite Halite Gypsum
-totals Cl Na S K Ca Mg
SAVE SOLUTION 4
SAVE EQUILIBRIUM_PHASES 3
END
USE SOLUTION 4
REACTION 8
Water
-0.2173783747378018 -0.2173783747378018 -0.2173783747378018 -0.2173783747378018 -0.2173783747378018 -0.2173783747378018 -0.3095943040435006 -0.3095943040435006 -0.3095943040435006 -0.3095943040435006 -0.3095943040435006 -0.3095943040435006 -0.3095943040435006 -0.3095943040435006 -0.3095943040435006 -0.3095943040435006 -0.3095943040435006 -0.3095943040435006 -0.3095943040435006 -0.3095943040435006 -0.3095943040435006 -0.3095943040435006 -0.3095943040435006 -0.3095943040435006 -0.3095943040435006 -0.3095943040435006 -0.3095943040435006 -0.3095943040435006 -0.3095943040435006 -0.3095943040435006 -0.3095943040435006 -0.3095943040435006 -0.3095943040435006 -0.3095943040435006 -0.3095943040435006 -0.3095943040435006 -0.3095943040435006 -0.35 -0.35 -0.35 -0.35 -0.35 -0.35 -0.35 -0.35 -0.35 -0.35 -0.35 -0.35 -0.35 -0.35 -0.35 -0.35 -0.35 -0.35 -0.35 -0.35 -0.35 -0.35 -0.35 -0.35 -0.35 -0.35 -0.35 -0.35 -0.35 -0.35 -0.35 -0.35 -0.35 -0.35 -0.35 -0.35 -0.35 -0.35 -0.35 -0.35 -0.35 -0.35 -0.35 -0.35 -0.35 -0.35 -0.35 -0.35 -0.35 -0.35 -0.35 -0.35 -0.35 -0.35 -0.35 -0.35 -0.35 -0.35 -0.35 -0.35 -0.35 -0.35 -0.35
INCREMENTAL_REACTIONS true
EQUILIBRIUM_PHASES 104
Calcite 0.0 0.0
Gypsum 0.0 0.0
Halite 0.0 0.0
SELECTED_OUTPUT
-file C:/Users/ines.draaijer/Desktop/Proyectos/Tografa/code_transfers/experiment_results/output/results8.dat
-selected_out true
-step true
-ph true
-reaction true
-equilibrium_phases Calcite Halite Gypsum
-totals Cl Na S K Ca Mg
END
USE SOLUTION 1
USE EQUILIBRIUM_PHASES 3
REACTION 9
Water
-0.2173783747378018 -0.2173783747378018 -0.2173783747378018 -0.2173783747378018 -0.2173783747378018 -0.2173783747378018 -0.3095943040435006 -0.3095943040435006 -0.3095943040435006 -0.3095943040435006 -0.3095943040435006 -0.3095943040435006 -0.3095943040435006 -0.3095943040435006 -0.3095943040435006 -0.3095943040435006 -0.3095943040435006 -0.3095943040435006 -0.3095943040435006 -0.3095943040435006 -0.3095943040435006 -0.3095943040435006 -0.3095943040435006 -0.3095943040435006 -0.3095943040435006 -0.3095943040435006 -0.3095943040435006 -0.3095943040435006 -0.3095943040435006 -0.3095943040435006 -0.3095943040435006 -0.3095943040435006 -0.3095943040435006 -0.3095943040435006 -0.3095943040435006 -0.3095943040435006 -0.3095943040435006 -0.35 -0.35 -0.35 -0.35 -0.35 -0.35 -0.35 -0.35 -0.35 -0.35 -0.35 -0.35 -0.35 -0.35 -0.35 -0.35 -0.35 -0.35 -0.35 -0.35 -0.35 -0.35 -0.35 -0.35 -0.35 -0.35 -0.35 -0.35 -0.35 -0.35 -0.35 -0.35 -0.35 -0.35 -0.35 -0.35 -0.35 -0.35 -0.35 -0.35 -0.35 -0.35 -0.35 -0.35 -0.35 -0.35 -0.35 -0.35 -0.35 -0.35 -0.35 -0.35 -0.35 -0.35 -0.35 -0.35 -0.35 -0.35 -0.35 -0.35 -0.35 -0.35 -0.35
INCREMENTAL_REACTIONS true
SELECTED_OUTPUT
-file C:/Users/ines.draaijer/Desktop/Proyectos/Tografa/code_transfers/experiment_results/output/results9.dat
-selected_out true
-step true
-ph true
-reaction true
-equilibrium_phases Calcite Halite Gypsum
-totals Cl Na S K Ca Mg
END
USE SOLUTION 1
USE EQUILIBRIUM_PHASES 3
REACTION 10
Water
-0.2173783747378018 -0.2173783747378018 -0.2173783747378018 -0.2173783747378018 -0.2173783747378018 -0.2173783747378018 -0.3095943040435006 -0.3095943040435006 -0.3095943040435006 -0.3095943040435006 -0.3095943040435006 -0.3095943040435006 -0.3095943040435006 -0.3095943040435006 -0.3095943040435006 -0.3095943040435006 -0.3095943040435006 -0.3095943040435006 -0.3095943040435006 -0.3095943040435006 -0.3095943040435006 -0.3095943040435006 -0.3095943040435006 -0.3095943040435006 -0.3095943040435006 -0.3095943040435006 -0.3095943040435006 -0.3095943040435006 -0.3095943040435006 -0.3095943040435006 -0.3095943040435006 -0.3095943040435006 -0.3095943040435006
INCREMENTAL_REACTIONS true
SELECTED_OUTPUT
-file C:/Users/ines.draaijer/Desktop/Proyectos/Tografa/code_transfers/experiment_results/output/results10.dat
-selected_out true
-step true
-ph true
-reaction true
-equilibrium_phases Calcite Halite Gypsum
-totals Cl Na S K Ca Mg
SAVE SOLUTION 5
SAVE EQUILIBRIUM_PHASES 4
END
USE SOLUTION 5
REACTION 11
Water
-0.3095943040435006 -0.3095943040435006 -0.3095943040435006 -0.3095943040435006 -0.35 -0.35 -0.35 -0.35 -0.35 -0.35 -0.35 -0.35 -0.35 -0.35 -0.35 -0.35 -0.35 -0.35 -0.35 -0.35 -0.35 -0.35 -0.35 -0.35 -0.35 -0.35 -0.35 -0.35 -0.35 -0.35 -0.35 -0.35 -0.35 -0.35 -0.35 -0.35 -0.35 -0.35 -0.35 -0.35 -0.35 -0.35 -0.35 -0.35 -0.35 -0.35 -0.35 -0.35 -0.35 -0.35 -0.35 -0.35 -0.35 -0.35 -0.35 -0.35 -0.35 -0.35 -0.35 -0.35 -0.35 -0.35 -0.35 -0.35 -0.35 -0.35 -0.35 -0.35 -0.35 -0.35 -0.35 -0.35 -0.35 -0.35 -0.35 -0.35 -0.35 -0.35 -0.35 -0.35 -0.35 -0.35 -0.35 -0.35 -0.35 -0.35 -0.35 -0.35 -0.35 -0.35 -0.35 -0.35 -0.35 -0.35 -0.35 -0.35 -0.35 -0.35 -0.35 -0.35
INCREMENTAL_REACTIONS true
EQUILIBRIUM_PHASES 106
Calcite 0.0 0.0
Gypsum 0.0 0.0
Halite 0.0 0.0
SELECTED_OUTPUT
-file C:/Users/ines.draaijer/Desktop/Proyectos/Tografa/code_transfers/experiment_results/output/results11.dat
-selected_out true
-step true
-ph true
-reaction true
-equilibrium_phases Calcite Halite Gypsum
-totals Cl Na S K Ca Mg
END
USE SOLUTION 1
USE EQUILIBRIUM_PHASES 4
REACTION 12
Water
-0.3095943040435006 -0.3095943040435006 -0.3095943040435006 -0.3095943040435006 -0.35 -0.35 -0.35 -0.35 -0.35 -0.35 -0.35 -0.35 -0.35 -0.35 -0.35 -0.35 -0.35 -0.35 -0.35 -0.35 -0.35 -0.35 -0.35 -0.35 -0.35 -0.35 -0.35 -0.35 -0.35 -0.35 -0.35 -0.35 -0.35 -0.35 -0.35 -0.35 -0.35 -0.35 -0.35 -0.35 -0.35 -0.35 -0.35 -0.35 -0.35 -0.35 -0.35 -0.35 -0.35 -0.35 -0.35 -0.35 -0.35 -0.35 -0.35 -0.35 -0.35 -0.35 -0.35 -0.35 -0.35 -0.35 -0.35 -0.35 -0.35 -0.35 -0.35 -0.35 -0.35 -0.35 -0.35 -0.35 -0.35 -0.35 -0.35 -0.35 -0.35 -0.35 -0.35 -0.35 -0.35 -0.35 -0.35 -0.35 -0.35 -0.35 -0.35 -0.35 -0.35 -0.35 -0.35 -0.35 -0.35 -0.35 -0.35 -0.35 -0.35 -0.35 -0.35 -0.35
INCREMENTAL_REACTIONS true
SELECTED_OUTPUT
-file C:/Users/ines.draaijer/Desktop/Proyectos/Tografa/code_transfers/experiment_results/output/results12.dat
-selected_out true
-step true
-ph true
-reaction true
-equilibrium_phases Calcite Halite Gypsum
-totals Cl Na S K Ca Mg
END
USE SOLUTION 1
USE EQUILIBRIUM_PHASES 4
REACTION 13
Water
-0.3095943040435006 -0.3095943040435006 -0.3095943040435006 -0.3095943040435006 -0.35 -0.35 -0.35 -0.35 -0.35 -0.35 -0.35 -0.35 -0.35 -0.35 -0.35 -0.35 -0.35 -0.35 -0.35 -0.35 -0.35 -0.35 -0.35 -0.35 -0.35 -0.35 -0.35 -0.35
INCREMENTAL_REACTIONS true
SELECTED_OUTPUT
-file C:/Users/ines.draaijer/Desktop/Proyectos/Tografa/code_transfers/experiment_results/output/results13.dat
-selected_out true
-step true
-ph true
-reaction true
-equilibrium_phases Calcite Halite Gypsum
-totals Cl Na S K Ca Mg
SAVE SOLUTION 6
SAVE EQUILIBRIUM_PHASES 5
END
USE SOLUTION 6
REACTION 14
Water
-0.35 -0.35 -0.35 -0.35 -0.35 -0.35 -0.35 -0.35 -0.35 -0.35 -0.35 -0.35 -0.35 -0.35 -0.35 -0.35 -0.35 -0.35 -0.35 -0.35 -0.35 -0.35 -0.35 -0.35 -0.35 -0.35 -0.35 -0.35 -0.35 -0.35 -0.35 -0.35 -0.35 -0.35 -0.35 -0.35 -0.35 -0.35 -0.35 -0.35 -0.35 -0.35 -0.35 -0.35 -0.35 -0.35 -0.35 -0.35 -0.35 -0.35 -0.35 -0.35 -0.35 -0.35 -0.35 -0.35 -0.35 -0.35 -0.35 -0.35 -0.35 -0.35 -0.35 -0.35 -0.35 -0.35 -0.35 -0.35 -0.35 -0.35 -0.35 -0.35 -0.35 -0.35 -0.35 -0.35 -0.35 -0.35 -0.35 -0.35 -0.35 -0.35 -0.35 -0.35 -0.35 -0.35 -0.35 -0.35 -0.35 -0.35 -0.35 -0.35 -0.35 -0.35 -0.35 -0.35 -0.35 -0.35 -0.35 -0.35
INCREMENTAL_REACTIONS true
EQUILIBRIUM_PHASES 108
Calcite 0.0 0.0
Gypsum 0.0 0.0
Halite 0.0 0.0
SELECTED_OUTPUT
-file C:/Users/ines.draaijer/Desktop/Proyectos/Tografa/code_transfers/experiment_results/output/results14.dat
-selected_out true
-step true
-ph true
-reaction true
-equilibrium_phases Calcite Halite Gypsum
-totals Cl Na S K Ca Mg
END
